76.3 5.0 4.6 4.6 76.3 76.3
76.3 5.4 21.2 1.2 76.3 4.6
76.3 6.4 4.8 9.1 76.3 76.3
76.3 9.2 14.9 76.3 39.8 76.3
76.3 3.8 21.0 76.3 76.3 76.3
76.3 8.9 27.6 76.3 72.4 76.3
76.3 4.5 11.9 76.3 76.3 76.3
76.3 7.1 13.8 17.7 76.2 76.3
76.3 4.6 7.9 76.3 76.3 76.3
76.3 3.7 14.1 76.3 76.3 76.3
4.6 12.3 9.7 76.3 76.3 76.3
76.3 14.0 12.6 76.3 76.3 76.3
76.3 8.1 20.5 76.3 76.3 76.3
76.3 3.7 4.9 76.3 4.6 76.3
76.3 2.4 5.2 76.3 22.0 76.3
76.3 10.7 18.1 76.3 76.3 76.3
76.3 5.7 9.3 76.3 46.4 76.3
76.3 6.0 16.2 76.3 76.3 76.3
76.3 6.2 76.3 76.3 76.3 76.3
76.3 4.7 25.1 76.3 57.0 76.3
